0.0000 0.0000 0.0000 0.0000 205676700000000000000.0000 0.0000 0.0000 0.0000
13383460000000000000000.0000 0.0000 13383460000000000000000.0000 0.0000 204320300000000000000.0000 0.0000 204320300000000000000.0000 0.0000
0.0000 0.0000 0.0000 0.0000 205676700000000000000.0000 0.0000 0.0000 0.0000
13383460000000000000000.0000 0.0000 13383460000000000000000.0000 0.0000 204320300000000000000.0000 0.0000 204320300000000000000.0000 0.0000
0.0000 0.0000 0.0000 0.0000 205676700000000000000.0000 0.0000 0.0000 0.0000
13383460000000000000000.0000 0.0000 13383460000000000000000.0000 0.0000 204320300000000000000.0000 0.0000 204320300000000000000.0000 0.0000
0.0000 0.0000 0.0000 0.0000 205676700000000000000.0000 0.0000 0.0000 0.0000
13383460000000000000000.0000 0.0000 13383460000000000000000.0000 0.0000 204320300000000000000.0000 0.0000 204320300000000000000.0000 0.0000
0.0000 0.0000 0.0000 0.0000 205676700000000000000.0000 0.0000 0.0000 0.0000
13383460000000000000000.0000 0.0000 13383460000000000000000.0000 0.0000 204320300000000000000.0000 0.0000 204320300000000000000.0000 0.0000
0.0000 0.0000 0.0000 0.0000 205676700000000000000.0000 0.0000 0.0000 0.0000
13383460000000000000000.0000 0.0000 13383460000000000000000.0000 0.0000 204320300000000000000.0000 0.0000 204320300000000000000.0000 0.0000
0.0000 0.0000 0.0000 0.0000 205676700000000000000.0000 0.0000 0.0000 0.0000
13383460000000000000000.0000 0.0000 13383460000000000000000.0000 0.0000 204320300000000000000.0000 0.0000 204320300000000000000.0000 0.0000
0.0000 0.0000 0.0000 0.0000 205676700000000000000.0000 0.0000 0.0000 0.0000
13383460000000000000000.0000 0.0000 13383460000000000000000.0000 0.0000 204320300000000000000.0000 0.0000 204320300000000000000.0000 0.0000
0.0000 0.0000 0.0000 0.0000 205676700000000000000.0000 0.0000 0.0000 0.0000
13383460000000000000000.0000 0.0000 13383460000000000000000.0000 0.0000 204320300000000000000.0000 0.0000 204320300000000000000.0000 0.0000
0.0000 0.0000 0.0000 0.0000 205676700000000000000.0000 0.0000 0.0000 0.0000
13383460000000000000000.0000 0.0000 13383460000000000000000.0000 0.0000 204320300000000000000.0000 0.0000 204320300000000000000.0000 0.0000
0.0000 0.0000 0.0000 0.0000 205676700000000000000.0000 0.0000 0.0000 0.0000
13383460000000000000000.0000 0.0000 13383460000000000000000.0000 0.0000 204320300000000000000.0000 0.0000 204320300000000000000.0000 0.0000
0.0000 0.0000 0.0000 0.0000 205676700000000000000.0000 0.0000 0.0000 0.0000
13383460000000000000000.0000 0.0000 13383460000000000000000.0000 0.0000 204320300000000000000.0000 0.0000 204320300000000000000.0000 0.0000
0.0000 0.0000 0.0000 0.0000 205676700000000000000.0000 0.0000 0.0000 0.0000
13383460000000000000000.0000 0.0000 13383460000000000000000.0000 0.0000 204320300000000000000.0000 0.0000 204320300000000000000.0000 0.0000
0.0000 0.0000 0.0000 0.0000 205676700000000000000.0000 0.0000 0.0000 0.0000
13383460000000000000000.0000 0.0000 13383460000000000000000.0000 0.0000 204320300000000000000.0000 0.0000 204320300000000000000.0000 0.0000
0.0000 0.0000 0.0000 0.0000 205676700000000000000.0000 0.0000 0.0000 0.0000
13383460000000000000000.0000 0.0000 13383460000000000000000.0000 0.0000 204320300000000000000.0000 0.0000 204320300000000000000.0000 0.0000
0.0000 0.0000 0.0000 0.0000 205676700000000000000.0000 0.0000 0.0000 0.0000
13383460000000000000000.0000 0.0000 13383460000000000000000.0000 0.0000 204320300000000000000.0000 0.0000 204320300000000000000.0000 0.0000
0.0000 0.0000 0.0000 0.0000 205676700000000000000.0000 0.0000 0.0000 0.0000
13383460000000000000000.0000 0.0000 13383460000000000000000.0000 0.0000 204320300000000000000.0000 0.0000 204320300000000000000.0000 0.0000
0.0000 0.0000 0.0000 0.0000 205676700000000000000.0000 0.0000 0.0000 0.0000
13383460000000000000000.0000 0.0000 13383460000000000000000.0000 0.0000 204320300000000000000.0000 0.0000 204320300000000000000.0000 0.0000
0.0000 0.0000 0.0000 0.0000 205676700000000000000.0000 0.0000 0.0000 0.0000
13383460000000000000000.0000 0.0000 13383460000000000000000.0000 0.0000 204320300000000000000.0000 0.0000 204320300000000000000.0000 0.0000
0.0000 0.0000 0.0000 0.0000 205676700000000000000.0000 0.0000 0.0000 0.0000
13383460000000000000000.0000 0.0000 13383460000000000000000.0000 0.0000 204320300000000000000.0000 0.0000 204320300000000000000.0000 0.0000
0.0000 0.0000 0.0000 0.0000 205676700000000000000.0000 0.0000 0.0000 0.0000
13383460000000000000000.0000 0.0000 13383460000000000000000.0000 0.0000 204320300000000000000.0000 0.0000 204320300000000000000.0000 0.0000
0.0000 0.0000 0.0000 0.0000 205676700000000000000.0000 0.0000 0.0000 0.0000
13383460000000000000000.0000 0.0000 13383460000000000000000.0000 0.0000 204320300000000000000.0000 0.0000 204320300000000000000.0000 0.0000
0.0000 0.0000 0.0000 0.0000 205676700000000000000.0000 0.0000 0.0000 0.0000
13383460000000000000000.0000 0.0000 13383460000000000000000.0000 0.0000 204320300000000000000.0000 0.0000 204320300000000000000.0000 0.0000
0.0000 0.0000 0.0000 0.0000 205676700000000000000.0000 0.0000 0.0000 0.0000
13383460000000000000000.0000 0.0000 13383460000000000000000.0000 0.0000 204320300000000000000.0000 0.0000 204320300000000000000.0000 0.0000
0.0000 0.0000 0.0000 0.0000 205676700000000000000.0000 0.0000 0.0000 0.0000
13383460000000000000000.0000 0.0000 13383460000000000000000.0000 0.0000 204320300000000000000.0000 0.0000 204320300000000000000.0000 0.0000
0.0000 0.0000 0.0000 0.0000 205676700000000000000.0000 0.0000 0.0000 0.0000
13383460000000000000000.0000 0.0000 13383460000000000000000.0000 0.0000 204320300000000000000.0000 0.0000 204320300000000000000.0000 0.0000
0.0000 0.0000 0.0000 0.0000 205676700000000000000.0000 0.0000 0.0000 0.0000
13383460000000000000000.0000 0.0000 13383460000000000000000.0000 0.0000 204320300000000000000.0000 0.0000 204320300000000000000.0000 0.0000
0.0000 0.0000 0.0000 0.0000 205676700000000000000.0000 0.0000 0.0000 0.0000
13383460000000000000000.0000 0.0000 13383460000000000000000.0000 0.0000 204320300000000000000.0000 0.0000 204320300000000000000.0000 0.0000
0.0000 0.0000 0.0000 0.0000 205676700000000000000.0000 0.0000 0.0000 0.0000
13383460000000000000000.0000 0.0000 13383460000000000000000.0000 0.0000 204320300000000000000.0000 0.0000 204320300000000000000.0000 0.0000
0.0000 0.0000 0.0000 0.0000 205676700000000000000.0000 0.0000 0.0000 0.0000
13383460000000000000000.0000 0.0000 13383460000000000000000.0000 0.0000 204320300000000000000.0000 0.0000 204320300000000000000.0000 0.0000
0.0000 0.0000 0.0000 0.0000 205676700000000000000.0000 0.0000 0.0000 0.0000
13383460000000000000000.0000 0.0000 13383460000000000000000.0000 0.0000 204320300000000000000.0000 0.0000 204320300000000000000.0000 0.0000
0.0000 0.0000 0.0000 0.0000 205676700000000000000.0000 0.0000 0.0000 0.0000
13383460000000000000000.0000 0.0000 13383460000000000000000.0000 0.0000 204320300000000000000.0000 0.0000 204320300000000000000.0000 0.0000
0.0000 0.0000 0.0000 0.0000 205676700000000000000.0000 0.0000 0.0000 0.0000
13383460000000000000000.0000 0.0000 13383460000000000000000.0000 0.0000 204320300000000000000.0000 0.0000 204320300000000000000.0000 0.0000
0.0000 0.0000 0.0000 0.0000 205676700000000000000.0000 0.0000 0.0000 0.0000
13383460000000000000000.0000 0.0000 13383460000000000000000.0000 0.0000 204320300000000000000.0000 0.0000 204320300000000000000.0000 0.0000
0.0000 0.0000 0.0000 0.0000 205676700000000000000.0000 0.0000 0.0000 0.0000
13383460000000000000000.0000 0.0000 13383460000000000000000.0000 0.0000 204320300000000000000.0000 0.0000 204320300000000000000.0000 0.0000
0.0000 0.0000 0.0000 0.0000 205676700000000000000.0000 0.0000 0.0000 0.0000
13383460000000000000000.0000 0.0000 13383460000000000000000.0000 0.0000 204320300000000000000.0000 0.0000 204320300000000000000.0000 0.0000
0.0000 0.0000 0.0000 0.0000 205676700000000000000.0000 0.0000 0.0000 0.0000
13383460000000000000000.0000 0.0000 13383460000000000000000.0000 0.0000 204320300000000000000.0000 0.0000 204320300000000000000.0000 0.0000
0.0000 0.0000 0.0000 0.0000 205676700000000000000.0000 0.0000 0.0000 0.0000
13383460000000000000000.0000 0.0000 13383460000000000000000.0000 0.0000 204320300000000000000.0000 0.0000 204320300000000000000.0000 0.0000
0.0000 0.0000 0.0000 0.0000 205676700000000000000.0000 0.0000 0.0000 0.0000
13383460000000000000000.0000 0.0000 13383460000000000000000.0000 0.0000 204320300000000000000.0000 0.0000 204320300000000000000.0000 0.0000
0.0000 0.0000 0.0000 0.0000 205676700000000000000.0000 0.0000 0.0000 0.0000
13383460000000000000000.0000 0.0000 13383460000000000000000.0000 0.0000 204320300000000000000.0000 0.0000 204320300000000000000.0000 0.0000
0.0000 0.0000 0.0000 0.0000 205676700000000000000.0000 0.0000 0.0000 0.0000
13383460000000000000000.0000 0.0000 13383460000000000000000.0000 0.0000 204320300000000000000.0000 0.0000 204320300000000000000.0000 0.0000
0.0000 0.0000 0.0000 0.0000 205676700000000000000.0000 0.0000 0.0000 0.0000
13383460000000000000000.0000 0.0000 13383460000000000000000.0000 0.0000 204320300000000000000.0000 0.0000 204320300000000000000.0000 0.0000
0.0000 0.0000 0.0000 0.0000 205676700000000000000.0000 0.0000 0.0000 0.0000
13383460000000000000000.0000 0.0000 13383460000000000000000.0000 0.0000 204320300000000000000.0000 0.0000 204320300000000000000.0000 0.0000
0.0000 0.0000 0.0000 0.0000 205676700000000000000.0000 0.0000 0.0000 0.0000
13383460000000000000000.0000 0.0000 13383460000000000000000.0000 0.0000 204320300000000000000.0000 0.0000 204320300000000000000.0000 0.0000
0.0000 0.0000 0.0000 0.0000 205676700000000000000.0000 0.0000 0.0000 0.0000
13383460000000000000000.0000 0.0000 13383460000000000000000.0000 0.0000 204320300000000000000.0000 0.0000 204320300000000000000.0000 0.0000
0.0000 0.0000 0.0000 0.0000 205676700000000000000.0000 0.0000 0.0000 0.0000
13383460000000000000000.0000 0.0000 13383460000000000000000.0000 0.0000 204320300000000000000.0000 0.0000 204320300000000000000.0000 0.0000
0.0000 0.0000 0.0000 0.0000 205676700000000000000.0000 0.0000 0.0000 0.0000
13383460000000000000000.0000 0.0000 13383460000000000000000.0000 0.0000 204320300000000000000.0000 0.0000 204320300000000000000.0000 0.0000
0.0000 0.0000 0.0000 0.0000 205676700000000000000.0000 0.0000 0.0000 0.0000
13383460000000000000000.0000 0.0000 13383460000000000000000.0000 0.0000 204320300000000000000.0000 0.0000 204320300000000000000.0000 0.0000
0.0000 0.0000 0.0000 0.0000 205676700000000000000.0000 0.0000 0.0000 0.0000
13383460000000000000000.0000 0.0000 13383460000000000000000.0000 0.0000 204320300000000000000.0000 0.0000 204320300000000000000.0000 0.0000
0.0000 0.0000 0.0000 0.0000 205676700000000000000.0000 0.0000 0.0000 0.0000
13383460000000000000000.0000 0.0000 13383460000000000000000.0000 0.0000 204320300000000000000.0000 0.0000 204320300000000000000.0000 0.0000
